Multiple size <= 100
TEST 1 ARG:60 32 36 23 7 50 92 4 19 70 6 68 67 26 38 72 51 91 78 66 37 97 81 88 11 55 89 95 10 94 40 29 44 49 96 53 15 80 5 13 18 86 75 73 30 8 34 16 9 33 58 45 17 64 22 27 42 69 65 46 84 47 52 48 63 43 14 0 79 98 93 85 41 28 20 82 83 1 57 54 87 99 59 12 62 76 39 56 90 77 61 3 31 24 21 74 25 35 71 2
TEST 2 ARG:8 26 91 96 95 33 89 83 31 40 27 92 21 52 2 50 14 72 77 0 86 51 99 59 29 17 81 39 68 70 38 9 84 34 6 25 46 65 67 66 42 87 49 76 97 94 43 24 85 10 98 90 7 62 64 11 16 3 82 28 75 22 56 44 60 30 12 47 88 79 61 36 78 1 4 23 32 73 20 63 53 18 48 37 69 58 15 35 55 45 13 93 54 74 5 19 71 80 57 41
TEST 3 ARG:8 26 56 76 37 74 53 70 88 98 35 67 85 54 80 9 22 58 73 69 63 4 97 28 23 11 79 27 14 50 13 3 34 77 18 95 0 32 48 15 90 75 7 29 55 94 44 41 40 10 30 16 86 24 91 38 46 72 93 87 43 81 59 66 99 64 5 21 78 42 36 92 52 68 65 39 96 57 6 82 19 89 20 45 83 62 17 84 25 33 31 71 2 47 49 1 60 51 61 12
TEST 4 ARG:77 57 27 54 87 48 51 41 49 96 37 26 12 6 85 60 25 91 73 19 62 86 81 90 89 17 44 46 50 20 3 84 66 15 43 99 1 33 63 92 14 21 80 35 40 72 98 58 68 47 28 82 65 93 52 67 69 59 9 32 61 53 10 42 74 78 30 76 24 31 8 22 23 79 75 70 56 45 34 5 94 2 29 4 16 0 88 39 55 11 97 71 18 13 38 95 83 36 64 7
TEST 5 ARG:24 66 89 60 63 86 68 95 84 31 25 17 4 32 59 6 92 58 40 85 56 1 16 33 36 34 46 49 21 8 69 11 22 71 82 26 55 75 91 76 81 10 23 27 53 5 52 57 37 47 18 98 73 93 20 44 90 7 15 38 19 43 51 61 54 80 65 2 30 35 13 62 94 88 45 64 67 0 29 74 83 39 96 42 99 78 9 87 50 79 70 28 14 97 12 77 72 3 41 48
TEST 6 ARG:47 77 1 61 37 14 6 9 29 55 64 80 19 56 41 89 97 71 45 33 59 72 50 11 99 25 74 49 91 95 13 86 92 0 21 63 36 98 96 90 46 48 23 53 88 75 18 28 67 65 40 12 26 3 4 31 69 27 44 8 94 57 66 51 83 52 34 2 76 79 30 68 78 20 60 5 82 62 24 54 16 42 7 17 73 38 93 85 35 22 10 39 43 84 32 70 81 15 58 87
TEST 7 ARG:3 80 82 45 81 95 8 48 35 62 63 43 40 31 1 86 66 33 9 65 59 93 70 69 84 34 36 55 18 99 39 68 78 19 38 42 58 92 79 85 74 60 37 94 23 61 20 51 91 90 22 47 98 97 16 29 25 5 77 46 87 17 96 30 50 13 24 6 28 88 57 73 52 2 56 89 49 14 27 4 54 7 10 75 76 67 83 21 71 64 26 32 15 72 11 12 53 44 0 41
TEST 8 ARG:5 22 46 4 18 10 87 88 59 0 30 62 11 19 15 99 75 97 21 51 33 47 77 14 36 82 50 25 76 45 31 28 52 63 1 29 41 3 27 65 64 49 8 20 43 95 23 90 79 80 72 6 93 34 61 94 74 91 70 71 17 92 53 42 58 84 39 54 78 60 98 48 26 37 83 67 57 81 32 12 24 13 86 55 7 85 40 9 38 56 73 16 96 69 89 66 2 44 68 35
TEST 9 ARG:54 7 57 24 94 96 49 62 77 56 71 12 38 92 79 13 99 84 20 63 11 83 39 29 9 1 43 36 10 85 53 73 6 0 47 97 35 26 27 61 90 80 23 32 60 48 64 2 17 93 15 31 41 70 19 42 25 22 8 86 18 95 78 81 34 33 40 16 59 14 74 3 21 88 51 98 52 67 68 89 66 91 44 4 72 37 5 75 55 30 76 50 82 65 58 69 46 45 87 28
TEST 10 ARG:35 40 70 7 61 44 67 84 86 59 80 6 14 27 92 36 71 34 31 13 73 55 63 72 96 8 33 43 47 28 68 81 11 25 30 77 76 95 22 98 88 85 45 12 21 48 1 9 38 89 16 24 60 15 97 20 56 64 62 32 29 57 69 54 90 4 18 42 65 2 0 94 83 26 53 79 10 52 39 41 99 46 49 93 19 87 17 3 23 51 37 78 66 91 82 75 58 5 50 74
TEST 11 ARG:71 24 55 11 95 77 73 45 49 43 85 39 87 27 40 47 2 75 99 70 65 30 46 79 25 20 5 64 9 22 4 58 89 23 67 42 84 0 31 92 98 63 29 52 80 86 82 76 18 21 38 33 88 53 56 17 62 94 3 34 57 61 93 51 32 16 10 72 60 69 12 37 19 1 36 28 90 96 41 97 68 26 91 15 6 13 35 54 66 48 81 7 59 14 83 44 78 74 50 8
TEST 12 ARG:43 65 72 86 97 35 46 76 95 19 7 94 91 56 54 69 26 84 51 9 31 2 30 45 62 12 17 49 34 39 22 81 90 70 11 16 96 99 87 57 40 42 18 55 20 36 78 13 6 47 15 58 23 38 93 0 73 63 21 27 53 83 3 32 1 48 59 50 61 66 41 10 28 44 29 71 8 24 74 37 5 33 67 88 89 82 14 92 25 60 52 98 85 64 75 79 77 68 4 80
TEST 13 ARG:35 12 72 14 1 97 30 91 56 37 3 36 6 54 44 89 0 49 2 23 53 40 98 11 55 59 33 15 58 10 48 20 26 92 73 95 96 76 24 38 85 71 64 17 81 62 86 83 8 50 68 28 41 52 93 45 78 77 99 74 51 67 80 69 61 88 84 4 7 82 5 65 29 87 60 75 43 63 57 46 90 16 47 9 32 13 70 79 31 27 18 34 22 94 42 19 25 39 21 66
TEST 14 ARG:75 82 14 89 32 76 29 38 41 42 66 90 99 35 25 18 1 86 62 65 80 67 8 15 48 40 97 24 95 53 54 12 55 36 78 49 28 11 46 77 4 57 30 19 52 84 91 0 10 45 13 33 59 34 70 31 22 16 17 81 87 51 7 98 79 94 23 88 27 69 44 3 74 9 85 93 63 71 5 68 60 92 20 21 73 64 26 61 83 2 43 96 39 50 47 56 58 37 72 6
TEST 15 ARG:81 10 94 4 5 77 7 1 62 33 40 53 51 79 55 68 91 59 69 93 66 52 70 57 99 98 16 12 75 48 61 11 67 26 9 90 3 27 88 97 37 64 39 86 18 63 25 38 19 54 78 95 17 87 82 76 20 32 56 60 35 43 47 41 45 36 13 8 30 44 28 58 46 2 92 49 72 31 24 34 23 21 73 42 89 65 15 83 0 96 84 71 22 6 50 80 85 29 74 14
TEST 16 ARG:19 96 76 75 91 13 1 72 80 68 87 74 33 82 16 7 24 79 61 63 46 59 23 25 81 77 0 45 9 20 4 6 86 92 53 3 98 32 44 29 38 42 60 21 69 26 56 54 78 83 10 52 70 5 94 27 28 65 35 99 62 90 71 84 64 41 49 55 18 40 37 8 2 17 50 97 93 85 12 67 66 34 22 14 11 15 39 30 31 58 89 43 48 51 57 36 47 95 73 88
TEST 17 ARG:1 46 97 2 11 74 88 82 32 64 77 67 45 81 61 87 3 62 71 36 16 92 7 90 39 79 70 15 95 89 49 69 50 58 33 47 76 41 52 85 80 14 42 57 20 9 28 86 48 26 27 63 4 6 12 72 75 56 65 17 29 19 40 73 30 37 38 5 13 21 8 44 60 96 66 83 23 31 99 25 43 93 22 51 34 91 78 0 84 59 68 35 94 18 24 98 10 53 54 55
TEST 18 ARG:4 1 83 55 52 84 33 8 44 36 82 54 43 17 89 5 51 87 37 92 41 73 31 96 28 26 23 78 16 20 6 24 9 76 88 64 39 80 40 61 2 25 69 72 99 48 58 70 93 74 34 62 65 11 27 77 53 12 71 91 47 90 13 19 94 45 81 7 68 32 38 95 21 29 59 10 35 79 14 66 67 3 49 46 63 60 30 85 86 18 75 15 0 97 22 57 56 98 50 42
TEST 19 ARG:26 74 95 1 24 48 33 42 58 57 45 37 85 76 7 78 65 91 88 87 18 4 79 82 54 12 51 84 41 63 80 34 11 6 50 5 3 25 16 32 40 19 92 0 99 61 46 69 38 93 96 56 83 81 70 73 77 62 30 43 21 75 55 60 28 64 89 2 90 9 29 44 59 66 10 23 68 17 86 53 27 94 35 52 14 72 71 13 20 39 15 98 67 22 49 36 97 47 31 8
TEST 20 ARG:96 73 9 31 48 32 24 23 95 36 7 66 92 28 45 46 44 0 83 67 21 80 69 17 39 82 5 35 53 84 29 10 86 6 2 18 19 33 37 42 81 99 12 20 61 75 87 59 50 55 25 43 65 91 4 49 58 68 90 26 27 16 34 60 1 14 51 79 71 93 64 85 77 98 97 8 88 56 70 72 11 47 13 63 89 74 40 57 41 94 30 38 22 76 52 3 54 15 78 62
TEST 21 ARG:88 24 32 7 80 62 45 81 98 64 54 69 38 0 86 60 4 6 83 82 77 61 73 99 10 75 47 42 5 39 33 72 95 49 40 71 65 66 58 85 34 51 29 70 18 1 52 79 21 30 78 57 25 20 59 31 3 8 28 13 14 92 87 55 36 23 67 16 97 26 50 9 19 94 63 74 17 93 41 76 68 27 37 89 84 2 22 48 46 12 53 44 15 96 35 11 43 91 56 90
TEST 22 ARG:92 35 66 20 43 81 19 72 39 68 49 91 88 82 12 9 10 93 76 4 89 24 59 17 84 2 44 61 50 33 99 23 55 71 32 29 13 58 51 1 25 52 3 27 70 74 16 47 48 6 21 90 34 42 22 87 38 45 8 0 65 75 73 97 31 56 80 18 41 15 83 53 94 28 30 40 5 14 60 37 78 96 79 57 85 11 7 98 69 67 36 95 64 54 62 77 46 63 86 26
TEST 23 ARG:9 87 13 26 12 35 66 53 48 63 31 6 42 28 62 4 14 93 52 94 58 55 8 41 23 61 47 96 90 50 11 68 16 92 1 70 74 38 79 76 86 45 73 64 36 29 88 34 5 99 77 25 44 19 0 82 83 67 51 10 84 43 21 97 30 91 89 57 37 78 2 20 46 32 15 98 81 71 18 7 40 65 85 72 24 95 56 75 3 33 54 22 59 39 27 69 80 17 49 60
TEST 24 ARG:0 68 64 56 5 76 16 39 89 40 13 31 81 82 26 51 35 58 44 61 75 17 38 45 83 88 24 79 3 78 86 48 14 55 21 2 94 22 52 43 67 63 29 49 74 15 27 95 91 84 41 72 73 96 42 8 85 70 93 34 10 69 25 32 92 18 7 59 23 87 33 9 12 66 71 47 46 53 6 62 20 57 97 98 80 36 28 90 30 11 37 99 60 4 65 50 19 77 54 1
TEST 25 ARG:23 97 10 65 94 56 55 70 0 1 90 57 44 88 66 20 89 78 91 12 24 3 19 4 43 82 48 93 80 27 62 32 37 7 31 47 46 53 22 18 25 17 52 54 38 85 29 30 75 68 35 16 98 71 45 49 9 76 81 51 59 87 34 77 2 83 58 69 79 72 13 99 8 26 33 60 11 15 40 67 14 39 86 74 92 64 84 63 42 6 50 73 61 41 95 28 96 5 21 36
TEST 26 ARG:43 7 64 38 50 3 16 58 69 10 53 6 35 32 14 31 45 33 44 94 87 4 90 28 78 9 22 67 89 82 63 36 49 29 68 54 86 77 47 12 95 15 37 34 98 19 26 91 18 17 92 65 66 42 5 57 62 30 80 75 8 84 27 20 11 93 56 0 85 76 83 23 81 72 59 48 46 96 70 39 99 71 2 21 40 74 88 73 25 61 55 51 52 41 97 60 79 1 24 13
